$ANSIBLE_VAULT;1.1;AES256
30666230633864326437656130323337363564633138663639633661636630323237636635363239
3336323564346337333130646538356565333831386364650a376464346666633439316138373438
65323936373536356430646662656431323864313861623831623232646464343562616231313335
6163396336333536620a353633303730623239333432353863396135366238353235316632643831
63663762353038353930643861393038363036333866373431666331316238346263313964393339
30646434636530316262633231386235343761393061383637316464653634623038366265366435
30376235663461323162386436663062656133623839343264353433343638396461373530343762
32343463303536623039323833366538666636373937613830343930376533303865643561646537
36396530643136316438373432666139656334663363386136313139316664636539663334633730
63353438373437353037376363306436333466383835316463363466623634356534343861326664
63313965366166623334616365623436333536306465613736323531323064653135393134616338
35343765393962376233316130613361373762316362346638393366396532346637633564336465
66633436616565313165656436363433316661313964306533623231656562336466
